5.45
5.45
5.4375
5.45
5.45
5.45
5.45
5.4375
5.45
5.4375
5.45
5.4375
5.4375
5.4375
5.4375
5.4375
5.4375
5.45
5.4375
5.4375
5.4375
5.4375
5.4375
5.4375
5.4375
5.4375
5.45
5.4375
5.4375
5.4375
5.45
5.4375
5.45
5.4375
5.4375
5.45
5.4375
5.4375
5.45
5.45
5.4375
5.4375
5.45
5.4375
5.45
5.4375
5.45
5.4375
5.45
5.45
5.4375
5.4625
5.45
5.4375
5.4375
5.45
5.45
5.4375
5.4375
5.45
5.45
5.45
5.45
5.45
5.45
5.45
5.45
5.45
5.4375
5.4375
5.45
5.45
5.4375
5.4375
5.45
5.45
5.45
5.4375
5.4375
5.45
5.45
5.45
5.45
5.45
5.45
5.45
5.45
5.45
5.45
5.45
5.45
5.4375
5.45
5.45
5.45
5.4375
5.4625
5.45
5.4625
5.45
5.45
5.45
5.45
5.45
5.4375
5.45
5.45
5.45
5.4375
5.4375
5.45
5.45
5.45
5.4375
5.45
5.45
5.45
5.45
5.45
5.45
5.45
5.45
5.45
5.45
5.45
5.45
5.4625
5.45
5.45
5.45
5.45
5.45
5.45
0
